$ 1 0.000005 0.6520819120330112 54 10 50 5e-11
165 224 144 272 144 4 0
w 224 176 192 176 0
w 192 240 224 240 0
w 192 240 192 272 0
w 192 272 224 272 0
w 192 272 192 336 0
c 208 336 240 336 0 2.0000000000000002e-7 5.904895837956971 0
R 288 112 288 80 0 0 40 9 0 0 0.5
O 352 208 416 208 0 0
g 320 352 320 368 0 0
w 288 112 352 112 0
w 352 112 352 176 0
r 192 112 224 112 0 1000
w 224 112 288 112 0
w 192 112 192 176 0
r 192 192 192 224 0 4600
w 192 176 192 192 0
w 192 240 192 224 0
w 208 336 192 336 0
w 320 304 320 320 0
w 240 336 320 336 0
w 320 336 320 352 0
w 320 320 320 336 0
o 6 16 0 4099 10 0.003125 0 2 6 3
o 8 2 0 4106 10 0.00009765625 1 1
